-263.5568052630
-263.5466209960
-263.5400076837
-263.5272504329
-263.5128036035
-263.5053805703
-263.5041444328
-263.5013026442
-263.4931233370
-263.4985752895
-263.5205179721
-263.5222151853
-263.5131917963
-263.5173131611
-263.5195063582
-263.5137409674
-263.5110633291
-263.5133181292
-263.5124934595
-263.5037219578
-263.5068869997
-263.5224039708
-263.5098146016
-263.4924084178
-263.4950745564
-263.5011335893
-263.5049968747
-263.5110420086
-263.5125022325
-263.5138014166
-263.5205672950
-263.5322394015
-263.5418793328
-263.5253261092
-263.5082614348
-263.5108894609
-263.5073923887
-263.5026870796
-263.4995747758
-263.4984020108
-263.5089498015
-263.5124136004
-263.5105863455
-263.5285602195
-263.5196568549
-263.5033334408
-263.5107329267
-263.5130584027
-263.5065788409
-263.4970043980
-263.4925430564
-263.4991659133
-263.4974940255
-263.4969743885
-263.5050339387
-263.4845157097
-263.4639800550
-263.4800279938
-263.4899692948
-263.4795586695
-263.4669425851
-263.4747750872
-263.4845621110
-263.4706746403
-263.4655810310
-263.4883288745
-263.5016820200
-263.4790747375
-263.4710969510
-263.4990380818
-263.4960925452
-263.4764642966
-263.4798158670
-263.4869792305
-263.4717241800
-263.4564633272
-263.4719956181
-263.4884359927
-263.4813569201
-263.4570554881
-263.4757695349
-263.4993582401
-263.4825821335
-263.4759249623
-263.4843351626
-263.4765983974
-263.4709267986
-263.4760021556
-263.4817551313
-263.4892013856
-263.4857125583
-263.4672479045
-263.4972467050
-263.5152367276
-263.5160370897
-263.5095936213
-263.4875683270
-263.4778551824
-263.4859658619
-263.4935185786
-263.5039367616
-263.5105459438
-263.4987112490
-263.4813885634
-263.4956985643
-263.5167253992
-263.5151775319
-263.4909326148
-263.4759248269
-263.4772245066
-263.4759998799
-263.4778213305
-263.4816225482
-263.4729275053
-263.4471217087
-263.4577247631
-263.4941583067
-263.4977584528
-263.4731214739
-263.4490014324
-263.4512096646
-263.4605700239
-263.4642143221
-263.4700468438
-263.4815841168
-263.4888115396
-263.4746723536
-263.4851674018
-263.5204122987
-263.5099134116
-263.4762815167
-263.4586973428
-263.4588398691
-263.4589097111
-263.4638961090
-263.4790760893
-263.5008689288
-263.5097371517
-263.5017502571
-263.5161114724
-263.5161303713
-263.4851999645
-263.4730899301
-263.4785569207
-263.4786492411
-263.4767428850
-263.4792666797
-263.4928908798
-263.5036398442
-263.4945780839
-263.4910852071
-263.5130590363
-263.5104125851
-263.4973161210
-263.4935670075
-263.4829335673
-263.4709639467
-263.4690481653
-263.4806339631
-263.4936845329
-263.4952230448
-263.4905506380
-263.5079929930
-263.5144113468
-263.5015702089
-263.5136654181
-263.5142094309
-263.5040282000
-263.4986909662
-263.5002275727
-263.5067388738
-263.5107964625
-263.4959501974
-263.4912684480
-263.5008063361
-263.4915726730
-263.4836714439
-263.4701608427
-263.4665695225
-263.4750905680
-263.4874578132
-263.4987083660
-263.4992878266
-263.4981336872
-263.5241209761
-263.5320964813
-263.5178966068
-263.4985896543
-263.4830991328
-263.4786659264
-263.4847492735
-263.4959350624
-263.5050934922
-263.5080603792
-263.5147714625
-263.5319277438
-263.5384728250
-263.5285041295
-263.5162580747
-263.5058010217
-263.5000913226
-263.5021532556
-263.5096122686
-263.5111080433
-263.5054945449
-263.5112207383
-263.5303087099
-263.5389044546
-263.5324936824
-263.5198241012
-263.5083599128
-263.5059787372
-263.5107291526
-263.5138094046
-263.5080083645
-263.5010693836
-263.5058584878
-263.5092887968
-263.4991967806
-263.4897525552
-263.4870202601
-263.4843062004
-263.4856675088
-263.4878624111
-263.4836195389
-263.4755762630
-263.4805613886
-263.4957078175
-263.5015817344
-263.4973524330
-263.4948828020
-263.4978490809
-263.5073967551
-263.5227767926
-263.5386779614
-263.5397950217
-263.5257207128
-263.5270960403
-263.5403599694
-263.5403891833
-263.5277545362
-263.5156353835
-263.5077165653
-263.5072452434
-263.5169658582
-263.5268214493
-263.5229188500
-263.5110312348
-263.5130874407
-263.5273220632
-263.5292267206
-263.5237196588
-263.5227806223
-263.5277761121
-263.5351363488
-263.5390794532
-263.5339015967
-263.5193941865
-263.5056351733
-263.5062398596
-263.5112698106
-263.5081121924
-263.5023447109
-263.5019734695
-263.5071071015
-263.5151653484
-263.5211498429
-263.5227750767
-263.5169819898
-263.5000671451
-263.4885933654
-263.4920913747
-263.4964618771
-263.4990667390
-263.5051142877
-263.5140130417
-263.5223214632
-263.5267813634
-263.5270254763
-263.5216057547
-263.5163057149
-263.5155672405
-263.5165468981
-263.5150009328
-263.5129013391
-263.5143875098
-263.5174580251
-263.5179699120
-263.5161444704
-263.5204680960
-263.5283524075
-263.5290899400
-263.5203113338
-263.5041073649
-263.4914959766
-263.4895181441
-263.4967600431
-263.5050299816
-263.5085951232
-263.5073073370
-263.5131199062
-263.5291756813
-263.5388836748
-263.5341614028
-263.5231173720
-263.5145356842
-263.5125064150
-263.5172608577
-263.5222991748
-263.5148921317
-263.4916761197
-263.4752548931
-263.4797886594
-263.4867702119
-263.4892819791
-263.4890379838
-263.4903085253
-263.4962564747
-263.5058279303
-263.5124415467
-263.5107587556
-263.5010762817
-263.4952536502
-263.4946844080
-263.4885430344
-263.4825132238
-263.4810958073
-263.4879917398
-263.5016994523
-263.5165428840
-263.5297503935
-263.5336214692
-263.5255537075
-263.5143134085
-263.5077774554
-263.4976168083
-263.4837436550
-263.4738694003
-263.4711619833
-263.4761691612
-263.4862306603
-263.4981731522
-263.5053669983
-263.5132286947
-263.5174202530
-263.5102938397
-263.4911056927
-263.4689019176
-263.4546235981
-263.4538035061
-263.4599133483
-263.4642100454
-263.4693843117
-263.4860489407
-263.5061833553
-263.5159816374
-263.5106988761
-263.4958213700
-263.4834331597
-263.4778552804
-263.4788661003
-263.4809229796
-263.4750087804
-263.4595262014
-263.4461224085
-263.4518208800
-263.4607131320
-263.4607671800
-263.4603364341
-263.4651971754
-263.4777264716
-263.4950056558
-263.5114706268
-263.5191175575
-263.5118411092
-263.4981130853
-263.4834177864
-263.4651364240
-263.4532596288
-263.4564176751
-263.4745094737
-263.4998607967
-263.5216746572
-263.5376379666
-263.5424587052
-263.5323027281
-263.5176603076
-263.5014197580
-263.4819285649
-263.4669145486
-263.4597037638
-263.4559987636
-263.4547756274
-263.4603890287
-263.4731853417
-263.4811251167
-263.4764866838
-263.4774146911
-263.4858937115
-263.4900365658
-263.4911214817
-263.4931196579
-263.4921188645
-263.4918605158
-263.5021306774
-263.5157214270
-263.5164142733
-263.5037383309
-263.4957615106
-263.5016234185
-263.5098238547
-263.5121841886
-263.5042310234
-263.4861903511
-263.4715126167
-263.4743583427
-263.4800690753
-263.4799285906
-263.4751557592
-263.4776389664
-263.4930746923
-263.5102321710
-263.5164618955
-263.5113549398
-263.5011708370
-263.4972402671
-263.5026247055
-263.5022119352
-263.4971568189
-263.4894268019
-263.4786257710
-263.4757166303
-263.4813120129
-263.4824938644
-263.4755608365
-263.4661678126
-263.4661175642
-263.4766567521
-263.4906074893
-263.5042010154
-263.5071490243
-263.4949362216
-263.4867127316
-263.5037723283
-263.5158233233
-263.5047144502
-263.4887581574
-263.4838033482
-263.4768931831
-263.4691630112
-263.4733873427
-263.4805702526
-263.4761819133
-263.4674377205
-263.4788744185
-263.4926200813
-263.4877762300
-263.4877912017
-263.4931362373
-263.4904189509
-263.4865658745
-263.4901777086
-263.5000784445
-263.5053801822
-263.5006542229
-263.4910852064
-263.4899744903
-263.4852656323
-263.4874860203
-263.4932117411
-263.4933222805
-263.4931022622
-263.5024925242
-263.5169298522
-263.5271901064
-263.5256463922
-263.5174455112
-263.5210178457
-263.5201736376
-263.5122868500
-263.5039872042
-263.4929409263
-263.4872489046
-263.4949244168
-263.5113707863
-263.5253058989
-263.5214736811
-263.5059674920
-263.5177081654
-263.5280436075
-263.5245258819
-263.5136683109
-263.4979290809
-263.4897456562
-263.4958141393
-263.5078733385
-263.5179889074
-263.5184078183
-263.5018634753
-263.5006738183
-263.5173149464
-263.5163149299
-263.5005980245
-263.4846750824
-263.4840945368
-263.4914285753
-263.5006767732
-263.5080195848
-263.5040970881
-263.4963552347
-263.5011026449
-263.5112313771
-263.5092291153
-263.4985275010
-263.5021094363
-263.5047813540
-263.4989371672
-263.5023436385
-263.5081252651
-263.5037103120
-263.4978814346
-263.5042782424
-263.5147280664
-263.5132738138
-263.5005726514
-263.5051846552
-263.5107574604
-263.5036624750
-263.4959310677
-263.4901968076
-263.4819048409
-263.4744487223
-263.4830551016
-263.4950901900
-263.5014032579
-263.5023696072
-263.5128678268
-263.5236770212
-263.5225979008
-263.5202529859
-263.5228506716
-263.5248391975
-263.5188693088
-263.5076416564
-263.4981817716
-263.4917670595
-263.4929806725
-263.4936242040
-263.4902838698
-263.4868573506
-263.4906072260
-263.5019827674
-263.5164542217
-263.5286647205
-263.5360196192
-263.5377576526
-263.5378777250
-263.5403148228
-263.5371140079
-263.5302670814
-263.5253089395
-263.5220966740
-263.5187886014
-263.5153978311
-263.5085906961
-263.4977210349
-263.4888374523
-263.4921213615
-263.5010713147
-263.5008613894
-263.4935599254
-263.4912468989
-263.4991919052
-263.5136321889
-263.5260410419
-263.5339072508
-263.5352986599
-263.5346437081
-263.5380332457
-263.5352808746
-263.5195253560
-263.5007997311
-263.4879188849
-263.4828704394
-263.4849409181
-263.4908032411
-263.4983843979
-263.4984308820
-263.4942234401
-263.5034998042
-263.5228233137
-263.5284804479
-263.5219261391
-263.5152463565
-263.5107994534
-263.5111360513
-263.5174529950
-263.5260750928
-263.5306541170
-263.5290651603
-263.5263657157
-263.5210036053
-263.5134075376
-263.5082142587
-263.5041464045
-263.5007588824
-263.5023014733
-263.5090098681
-263.5172988303
-263.5220779330
-263.5224363544
-263.5207829784
-263.5198715618
-263.5238994289
-263.5282902993
-263.5271452272
-263.5243761976
-263.5278680344
-263.5359228753
-263.5439939606
-263.5426876145
-263.5310582327
-263.5185052819
-263.5140980057
-263.5164868853
-263.5170434710
-263.5167115355
-263.5201554860
-263.5286161117
-263.5418589375
-263.5537657358
-263.5554934411
-263.5463035011
-263.5407110961
-263.5362377384
-263.5289296749
-263.5198378668
-263.5156005647
-263.5149784090
-263.5193097704
-263.5266402394
-263.5349019557
-263.5413738074
-263.5469804834
-263.5506187872
-263.5487686563
-263.5431278813
-263.5388461517
-263.5366554229
-263.5350334215
-263.5348271056
-263.5395043952
-263.5457419541
-263.5487724632
-263.5483451114
-263.5459553332
-263.5436520118
-263.5432235760
-263.5430150619
-263.5379321225
-263.5248835276
-263.5191234344
-263.5254327081
-263.5246024208
-263.5185168520
-263.5165801076
-263.5174463904
-263.5210706070
-263.5275263688
-263.5318947378
-263.5298691555
-263.5301945458
-263.5433771431
-263.5521981403
-263.5479416437
-263.5392272106
-263.5348278923
-263.5345351248
-263.5350513130
-263.5372608255
-263.5376565279
-263.5387098923
-263.5432328146
-263.5494158281
-263.5527940215
-263.5508281112
-263.5462921214
-263.5443192812
-263.5459235741
-263.5455776231
-263.5423132907
-263.5396150963
-263.5409744938
-263.5439187774
-263.5454490660
-263.5450889592
-263.5420761647
-263.5413734750
-263.5436892714
-263.5462733757
-263.5472671356
-263.5482975980
-263.5512895478
-263.5552698770
-263.5545553815
-263.5489194290
-263.5416252460
-263.5375608135
-263.5353184479
-263.5335447866
-263.5355406454
-263.5397315174
-263.5449821087
-263.5491974115
-263.5493767859
-263.5464428356
-263.5387598310
-263.5328544431
-263.5298102142
-263.5258103722
-263.5236572522
-263.5238447379
-263.5264400209
-263.5328033825
-263.5423766559
-263.5514632726
-263.5516516609
-263.5442041164
-263.5370843946
-263.5340076975
-263.5313810870
-263.5274555502
-263.5219538286
-263.5203609608
-263.5268871079
-263.5320678023
-263.5292925333
-263.5253036535
-263.5274039582
-263.5304948654
-263.5274222969
-263.5213523596
-263.5188690316
-263.5203912385
-263.5247749599
-263.5345709411
-263.5406307088
-263.5388390544
-263.5403925602
-263.5460305793
-263.5463551651
-263.5400339889
-263.5333113219
-263.5285708039
-263.5253227379
-263.5256642286
-263.5257938838
-263.5225522436
-263.5201907088
-263.5218069430
-263.5220641219
-263.5217675568
-263.5252413417
-263.5262485929
-263.5252567308
-263.5268712542
-263.5304253832
-263.5317565713
-263.5337215974
-263.5364634320
-263.5334658935
-263.5316831658
-263.5352660340
-263.5335554652
-263.5278735965
-263.5243366775
-263.5229586523
-263.5191007909
-263.5159386712
-263.5144891144
-263.5060111443
-263.4941866802
-263.4915909060
-263.4948547992
-263.4987206662
-263.5058348054
-263.5160477015
-263.5267410043
-263.5312165251
-263.5298720840
-263.5230440719
-263.5104800243
-263.5048472940
-263.5099847894
-263.5187782030
-263.5248227167
-263.5279020064
-263.5334126231
-263.5402225570
-263.5413076285
-263.5360494741
-263.5281984400
-263.5209046544
-263.5144492193
-263.5094972044
-263.5081970900
-263.5114898543
-263.5189340417
-263.5274345427
-263.5301096797
-263.5245030907
-263.5157433815
-263.5097006639
-263.5054427305
-263.5026250866
-263.5015908131
-263.5026040461
-263.5073798213
-263.5178175834
-263.5333319401
-263.5426322715
-263.5411558937
-263.5346752771
-263.5284499886
-263.5237356339
-263.5210601406
-263.5188324176
-263.5116515336
-263.5007956977
-263.4993507619
-263.5063359498
-263.5104013095
-263.5082497131
-263.5028436097
-263.5021362264
-263.5095635461
-263.5192950400
-263.5232999985
-263.5181084063
-263.5071864257
-263.5006074590
-263.5013666574
-263.5012391431
-263.4947975069
-263.4869610809
-263.4839053891
-263.4913612030
-263.5032216719
-263.5132851907
-263.5161859889
-263.5196740924
-263.5278740604
-263.5378550639
-263.5427396760
-263.5389282750
-263.5311449696
-263.5210212012
-263.5074747394
-263.4947495219
-263.4871573262
-263.4899953690
-263.4994169511
-263.5100982175
-263.5168949710
-263.5175112146
-263.5137817430
-263.5109712082
-263.5108039241
-263.5133556795
-263.5168000753
-263.5176120046
-263.5150843008
-263.5137387386
-263.5177855139
-263.5180830795
-263.5122234035
-263.5059091965
-263.5050953367
-263.5103327705
-263.5192075166
-263.5229145585
-263.5196017001
-263.5139888153
-263.5098180221
-263.5011444121
-263.4846143788
-263.4675754430
-263.4596625760
-263.4613291081
-263.4682764379
-263.4692040088
-263.4652322056
-263.4733118421
-263.4898766041
-263.4994725706
-263.4985144963
-263.4947810279
-263.4984180039
-263.5109415163
-263.5255467886
-263.5297780115
-263.5189565127
-263.5077456998
-263.5069751897
-263.5016711654
-263.4860041221
-263.4688521501
-263.4584744675
-263.4586669227
-263.4652024617
-263.4712810323
-263.4736617100
-263.4743889808
-263.4862288164
-263.4982991798
-263.4944111027
-263.4806874719
-263.4686195256
-263.4669037528
-263.4778405234
-263.4909186704
-263.4930212862
-263.4805825571
-263.4744748793
-263.4859788264
-263.4944116989
-263.4943156513
-263.4931346335
-263.4954001012
-263.5039290796
-263.5184197901
-263.5275811744
-263.5212540511
-263.5053003334
-263.5058790869
-263.5196549875
-263.5225439237
-263.5085484641
-263.4873817690
-263.4750463347
-263.4771049394
-263.4925579789
-263.5072062299
-263.5076102426
-263.5068977616
-263.5264508218
-263.5414606378
-263.5373287995
-263.5199797440
-263.5021807725
-263.4926739910
-263.4951243478
-263.5012852976
-263.4990034154
-263.4894077338
-263.4785552159
-263.4759313416
-263.4773621361
-263.4708875203
-263.4625675224
-263.4595956917
-263.4648165918
-263.4760859459
-263.4902473977
-263.5050917587
-263.5152392450
-263.5173792740
-263.5181619768
-263.5247814383
-263.5263892861
-263.5198639916
-263.5111952998
-263.5028960047
-263.4959123950
-263.4930350484
-263.4978795240
-263.5032368111
-263.5005522687
-263.4954704789
-263.5027331965
-263.5156290929
-263.5208695040
-263.5206881064
-263.5203042995
-263.5168547761
-263.5176994207
-263.5244459276
-263.5267183414
-263.5147373813
-263.5006112159
-263.4993514457
-263.5073104592
-263.5155543830
-263.5231892232
-263.5287368287
-263.5298670655
-263.5295018087
-263.5365045244
-263.5424317233
-263.5333724931
-263.5174309760
-263.5093495360
-263.5042970605
-263.4960677539
-263.4872303919
-263.4831058301
-263.4813892725
-263.4803007776
-263.4831229382
-263.4826076282
-263.4754445821
-263.4748009390
-263.4839764824
-263.4901240646
-263.4935605349
-263.4978948686
-263.5018002002
-263.5042799340
-263.5137196518
-263.5283687778
-263.5323207065
-263.5213536208
-263.5109911024
-263.5058128309
-263.5003795358
-263.4937407745
-263.4883047319
-263.4779522273
-263.4617150602
-263.4631107929
-263.4775414765
-263.4820481974
-263.4812832389
-263.4838740291
-263.4892678594
-263.4979624201
-263.5097299082
-263.5219410285
-263.5240975889
-263.5136475870
-263.5072887305
-263.5097054901
-263.5088376628
-263.5010578335
-263.4903138735
-263.4845730702
-263.4890178580
-263.5032583074
-263.5154654775
-263.5146394219
-263.5049722956
-263.5042925780
-263.5102876596
-263.5047346418
-263.4866488643
-263.4681816671
-263.4606631752
-263.4665845863
-263.4797781203
-263.4882356867
-263.4868984176
-263.4911346900
-263.5086182731
-263.5203509617
-263.5157425367
-263.4990003228
-263.4819085271
-263.4770689961
-263.4840351809
-263.4892146583
-263.4820250034
-263.4679434653
-263.4692126049
-263.4786337589
-263.4822935710
-263.4746268628
-263.4661930180
-263.4652679194
-263.4729721268
-263.4876538789
-263.4993259970
-263.4956581503
-263.4750618529
-263.4709099971
-263.4855945602
-263.4910801582
-263.4835480335
-263.4714814461
-263.4662334608
-263.4701824993
-263.4817939737
-263.4938604939
-263.4948331203
-263.4883569038
-263.4893293488
-263.4916815169
-263.4901984510
-263.4848946732
-263.4765706335
-263.4699071851
-263.4731640199
-263.4848942838
-263.4919141540
-263.4847799699
-263.4631484032
-263.4659002840
-263.4905138109
-263.4998173827
-263.4911549742
-263.4784051033
-263.4695628239
-263.4709485149
-263.4836041618
-263.4986627155
-263.4991028092
-263.4787290931
-263.4727585042
-263.4844702769
-263.4789996387
-263.4611685237
-263.4478673355
-263.4447249091
-263.4522921505
-263.4635906486
-263.4778128509
-263.4922634769
-263.4963665299
-263.4881987424
-263.4975661341
-263.5161886721
-263.5165647203
-263.5072121033
-263.4985907049
-263.4959346410
-263.4982948081
-263.5045547102
-263.5073409457
-263.4943619119
-263.4712785383
-263.4758823745
-263.4948818342
-263.4979523988
-263.4917724700
-263.4850425852
-263.4829994744
-263.4886437775
-263.4969589372
-263.4992751733
-263.4951979043
-263.4859947769
-263.4766375741
-263.4761105337
-263.4816490814
-263.4826957952
-263.4797902074
-263.4786558092
-263.4818210029
-263.4879174892
-263.4923853674
-263.4912965686
-263.4815596022
-263.4690542763
-263.4710989142
-263.4819539956
-263.4840784996
-263.4801558601
-263.4752348504
-263.4678243680
-263.4614529355
-263.4584843912
-263.4532359117
-263.4415152408
-263.4274250520
-263.4284492719
-263.4444576982
-263.4589713766
-263.4652717486
-263.4616678164
-263.4569289163
-263.4632371102
-263.4729731851
-263.4738667274
-263.4678690757
-263.4686961797
-263.4806788548
-263.4913986204
-263.4969986518
-263.4929582255
-263.4822816421
-263.4813248979
-263.4899906843
-263.4929419879
-263.4870615909
-263.4723380805
-263.4543003399
-263.4507221988
-263.4601122232
-263.4688658215
-263.4712843854
-263.4772877733
-263.4964369230
-263.5170552643
-263.5292597532
-263.5336313941
-263.5323922218
-263.5257232845
-263.5168207918
-263.5091666090
-263.5001175945
-263.4882941036
-263.4794419462
-263.4831058654
-263.4931319497
-263.5004361079
-263.5049859149
-263.5070550968
-263.5082120656
-263.5172369469
-263.5252065113
-263.5238049571
-263.5144538919
-263.5036391032
-263.5000561063
-263.5069503506
-263.5162706623
-263.5196378587
-263.5182029949
-263.5208180303
-263.5286869035
-263.5332418934
-263.5298682539
-263.5177766146
-263.5059994539
-263.5080744537
-263.5149346262
-263.5128101514
-263.5011230272
-263.4892076175
-263.4892843755
-263.4986794914
-263.5074707597
-263.5062772329
-263.4921635658
-263.4853733375
-263.4993181852
-263.5103834140
-263.5100211793
-263.5067315269
-263.5094445124
-263.5199414631
-263.5336116332
-263.5420138299
-263.5376418223
-263.5193877307
-263.5009751204
-263.4989203429
-263.5029559608
-263.5005616932
-263.4914409418
-263.4882764876
-263.4953783139
-263.5021578537
-263.5074041405
-263.5076822477
-263.5023674217
-263.4992424090
-263.5015753361
-263.5007004061
-263.4938013704
-263.4882172222
-263.4939284648
-263.5043548442
-263.5143600676
-263.5206414208
-263.5201871131
-263.5215823511
-263.5277310486
-263.5317244221
-263.5305639439
-263.5262914245
-263.5261700377
-263.5328708969
-263.5361164941
-263.5276366252
-263.5105472484
-263.4972856264
-263.4930434963
-263.4945490369
-263.4939807723
-263.4906979848
-263.4893934972
-263.4986825818
-263.5150561057
-263.5276704365
-263.5326525118
-263.5329768453
-263.5365788374
-263.5410776553
-263.5421025272
-263.5409294799
-263.5386257528
-263.5357602302
-263.5328085933
-263.5306605435
-263.5315323031
-263.5360135088
-263.5349081330
-263.5254514859
-263.5144715129
-263.5099261920
-263.5066842818
-263.4988009083
-263.4913125786
-263.4888462716
-263.4939993882
-263.5071284268
-263.5248773510
-263.5370653160
-263.5372365078
-263.5322188432
-263.5293994370
-263.5266272761
-263.5175794574
-263.5043339308
-263.4923260133
-263.4863107616
-263.4903309798
-263.4997188106
-263.5080395232
-263.5101220814
-263.5149343365
-263.5223281254
-263.5240814594
-263.5192851716
-263.5093534598
-263.4964634058
-263.4827668904
-263.4757626216
-263.4744526264
-263.4745070996
-263.4789772153
-263.4910369138
-263.5069804540
-263.5227613154
-263.5350069962
-263.5426886418
-263.5454172303
-263.5442905725
-263.5406297656
-263.5340554606
-263.5248992083
-263.5203017463
-263.5200816172
-263.5188904054
-263.5180843668
-263.5187052279
-263.5217558114
-263.5241644285
-263.5254940322
-263.5247393610
-263.5227042857
-263.5195055993
-263.5155571622
-263.5138220743
-263.5158003527
-263.5200036125
-263.5232359109
-263.5258056827
-263.5302503597
-263.5372139596
-263.5440132732
-263.5487591214
-263.5492370189
-263.5458055000
-263.5385897322
-263.5281687140
-263.5197255523
-263.5170760711
-263.5182229555
-263.5183523573
-263.5168814267
-263.5159795458
-263.5183082297
-263.5218613180
-263.5236180982
-263.5235093554
-263.5226559004
-263.5203440145
-263.5154023861
-263.5092630720
-263.5030684397
-263.4995724577
-263.5012564423
-263.5089440143
-263.5199926990
-263.5315439823
-263.5422974074
-263.5514309494
-263.5588721757
-263.5613133099
-263.5541689431
-263.5404392481
-263.5279127681
-263.5209348953
-263.5155162759
-263.5078435721
-263.4991803036
-263.4978661248
-263.5067095071
-263.5175225673
-263.5211147375
-263.5180906155
-263.5183222790
-263.5246332941
-263.5340178778
-263.5413377211
-263.5433569981
-263.5388071182
-263.5397416471
-263.5506635705
-263.5541618490
-263.5466845938
-263.5370242921
-263.5290825090
-263.5262829795
-263.5267332260
-263.5283951887
-263.5246104182
-263.5206365092
-263.5248406665
-263.5325596932
-263.5329806758
-263.5270220750
-263.5202217237
-263.5161250826
-263.5147209400
-263.5133725280
-263.5099592364
-263.5051076764
-263.5116977713
-263.5279971513
-263.5395741046
-263.5445033122
-263.5452380517
-263.5432253867
-263.5401074086
-263.5345203653
-263.5231077894
-263.5032717249
-263.4865826167
-263.4898294077
-263.5009239221
-263.5088671380
-263.5128372863
-263.5190424057
-263.5288930825
-263.5355446586
-263.5351536833
-263.5259953319
-263.5122941675
-263.5113950553
-263.5197759050
-263.5255461344
-263.5262268763
-263.5264135665
-263.5298226567
-263.5338412494
-263.5317766423
-263.5251091809
-263.5238942903
-263.5295280526
-263.5299101910
-263.5206010028
-263.5138905062
-263.5181934878
-263.5261671965
-263.5307584775
-263.5284237229
-263.5224738912
-263.5191142345
-263.5213453475
-263.5230977386
-263.5196076082
-263.5151931527
-263.5133365985
-263.5111246127
-263.5112057868
-263.5132298785
-263.5150351474
-263.5180577674
-263.5223593315
-263.5277118529
-263.5324858728
-263.5348321797
-263.5368425766
-263.5393471661
-263.5386740612
-263.5303436964
-263.5184258392
-263.5062571885
-263.4965744911
-263.4909319069
-263.4901718957
-263.4924767122
-263.4938034249
-263.4984034902
-263.5092947156
-263.5191023471
-263.5230255629
-263.5212578048
-263.5186665078
-263.5182750749
-263.5218638004
-263.5277296641
-263.5295136591
-263.5271732305
-263.5303852020
-263.5378042552
-263.5367418190
-263.5287498032
-263.5204489875
-263.5172027903
-263.5165263304
-263.5150472425
-263.5096061863
-263.5042213663
-263.5106449162
-263.5252240274
-263.5354746161
-263.5367059972
-263.5342521903
-263.5330768742
-263.5346499297
-263.5371589955
-263.5362733913
-263.5305797534
-263.5266624528
-263.5294627382
-263.5367050787
-263.5389537472
-263.5359190537
-263.5337305852
-263.5345460401
-263.5366945008
-263.5366633555
-263.5322237672
-263.5248515916
-263.5238886299
-263.5277877494
-263.5277937124
-263.5216477842
-263.5156026453
-263.5154639860
-263.5226481970
-263.5331194417
-263.5401120318
-263.5379056707
-263.5306920041
-263.5247942793
-263.5187149723
-263.5125391269
-263.5102865372
-263.5133929443
-263.5234821018
-263.5345282112
-263.5413179408
-263.5415145760
-263.5374415174
-263.5328972157
-263.5307737128
-263.5283641400
-263.5184539771
-263.5040042332
-263.4909958665
-263.4853204298
-263.4869687807
-263.4928210168
-263.4953504467
-263.4948577377
-263.4915374172
-263.5026916418
-263.5223327427
-263.5308107433
-263.5311513310
-263.5318591599
-263.5338904580
-263.5349667284
-263.5355366383
-263.5371405459
-263.5344734719
-263.5172579444
-263.5000745163
-263.5007939080
-263.5027178261
-263.5032627011
-263.5068842886
-263.5098873704
-263.5090822395
-263.5114132978
-263.5224972569
-263.5283296056
-263.5154009785
-263.5078085908
-263.5226503326
-263.5310768054
-263.5283340752
-263.5221711412
-263.5163152591
-263.5127492712
-263.5141408005
-263.5167356509
-263.5123967520
-263.4965468698
-263.4856225487
-263.4952022667
-263.5050865549
-263.5053783848
-263.5017684624
-263.5055528211
-263.5166204816
-263.5273503711
-263.5306844552
-263.5261380838
-263.5120674521
-263.4991082514
-263.5074138318
-263.5176190002
-263.5172484380
-263.5123732888
-263.5144185634
-263.5251596519
-263.5347194307
-263.5371431579
-263.5306187336
-263.5160172587
-263.5071183717
-263.5117583718
-263.5145698034
-263.5075264530
-263.4989381002
-263.5013188142
-263.5095268829
-263.5135480220
-263.5132474157
-263.5098594495
-263.5016459678
-263.4921146444
-263.4935735567
-263.5031332373
-263.5033306829
-263.4989725659
-263.5004006480
-263.5098287066
-263.5169141795
-263.5181246807
-263.5177484921
-263.5149685433
-263.5172490706
-263.5268244152
-263.5305141704
-263.5231766545
-263.5171649125
-263.5171422230
-263.5180500742
-263.5169098833
-263.5162486705
-263.5157033412
-263.5126817290
-263.5129454287
-263.5203486824
-263.5284172541
-263.5296808982
-263.5305508109
-263.5350890623
-263.5370212268
-263.5344221498
-263.5305046521
-263.5276880748
-263.5256121534
-263.5250819239
-263.5222054362
-263.5145818581
-263.5104661405
-263.5101439261
-263.5118473254
-263.5117799965
-263.5105733521
-263.5119030790
-263.5185590043
-263.5267144212
-263.5291713265
-263.5224139761
-263.5150719591
-263.5221109400
-263.5309187961
-263.5300321305
-263.5233021217
-263.5174724802
-263.5168300565
-263.5193511177
-263.5240219050
-263.5216586498
-263.5049292417
-263.4937333309
-263.5012271293
-263.5087773582
-263.5066126974
-263.5028439059
-263.5035255041
-263.5085128663
-263.5180622191
-263.5276212111
-263.5323460783
-263.5266186320
-263.5214773451
-263.5243829619
-263.5237821629
-263.5165882288
-263.5095940171
-263.5085867268
-263.5147956901
-263.5226858627
-263.5301557756
-263.5289688256
-263.5153641852
-263.5055870437
-263.5114285561
-263.5207474227
-263.5222792077
-263.5192560707
-263.5146922227
-263.5121327957
-263.5110514958
-263.5100332709
-263.5038018857
-263.4848494961
-263.4686625488
-263.4773315934
-263.4875844887
-263.4867462608
-263.4877659201
-263.5012607125
-263.5206034331
-263.5389948239
-263.5510458668
-263.5499055743
-263.5437687260
-263.5474926429
-263.5483292092
-263.5374867425
-263.5217346075
-263.5111920933
-263.5124946141
-263.5205123764
-263.5276160350
-263.5243866278
-263.5089068956
-263.5090739788
-263.5226841551
-263.5248202035
-263.5161280004
-263.5091604819
-263.5089823487
-263.5156648018
-263.5254569786
-263.5321411502
-263.5314258692
-263.5196933237
-263.5207766800
-263.5275151810
-263.5169748739
-263.5002113132
-263.4929289354
-263.4980380071
-263.5097827516
-263.5214810285
-263.5318321894
-263.5393719103
-263.5435362004
-263.5512545889
-263.5516602074
-263.5390134903
-263.5274563790
-263.5187970257
-263.5147476903
-263.5153229484
-263.5213091648
-263.5305126107
-263.5366967602
-263.5318622778
-263.5280208936
-263.5352418240
-263.5379073647
-263.5353390701
-263.5282732835
-263.5193815385
-263.5144554432
-263.5144343178
-263.5219079079
-263.5286920526
-263.5257805538
-263.5236009611
-263.5267039183
-263.5298968766
-263.5301857041
-263.5286877949
-263.5252955124
-263.5235258396
-263.5309947270
-263.5426422174
-263.5408144065
-263.5325952821
-263.5382664790
-263.5434584847
-263.5397253411
-263.5311278595
-263.5225648025
-263.5192958045
-263.5221655621
-263.5334799206
-263.5495792564
-263.5485567373
-263.5311773150
-263.5328883483
-263.5445839609
-263.5448081309
-263.5374149229
-263.5249362070
-263.5133448228
-263.5123446793
-263.5244800259
-263.5356942002
-263.5299253056
-263.5115745670
-263.5097782964
-263.5332283559
-263.5405039378
-263.5324058145
-263.5199994617
-263.5161333240
-263.5303025374
-263.5474798247
-263.5571004177
-263.5565188418
-263.5487674394
-263.5446794009
-263.5475320920
-263.5472409875
-263.5400530608
-263.5299556346
-263.5231415032
-263.5209502638
-263.5203375774
-263.5197733509
-263.5224651022
-263.5282790299
-263.5370252178
-263.5430471444
-263.5423653807
-263.5380571434
-263.5365385312
-263.5392612541
-263.5456090817
-263.5516329583
-263.5526698185
-263.5496924181
-263.5492662479
-263.5502239460
-263.5482592487
-263.5459987726
-263.5445633913
-263.5452908028
-263.5482766824
-263.5509194672
-263.5508249596
-263.5507919704
-263.5480769323
-263.5413796806
-263.5341631548
-263.5300906163
-263.5293279412
-263.5322317979
-263.5378307241
-263.5421472572
-263.5388631447
-263.5381965013
-263.5437799143
-263.5429687353
-263.5376040250
-263.5329849280
-263.5320431476
-263.5360255763
-263.5447811836
-263.5495809313
-263.5425795245
-263.5425308837
-263.5474514906
-263.5412712671
-263.5284288507
-263.5164407927
-263.5088143924
-263.5073917803
-263.5155208302
-263.5305393946
-263.5365801256
-263.5266660538
-263.5259314881
-263.5366132011
-263.5304373050
-263.5143669671
-263.4978575005
-263.4849612431
-263.4838711217
-263.5018193685
-263.5230722962
-263.5259917040
-263.5146833695
-263.5233083451
-263.5399808287
-263.5386240601
-263.5267701889
-263.5144240401
-263.5081125202
-263.5108000565
-263.5210511499
-263.5241614679
-263.5153152565
-263.5045826552
-263.5061421503
-263.5114576849
-263.5019427766
-263.4884330707
-263.4836777003
-263.4927788790
-263.5115862384
-263.5280805537
-263.5309894082
-263.5213849072
-263.5177050531
-263.5327513864
-263.5308079160
-263.5163887741
-263.5062431456
-263.5056809764
-263.5126646365
-263.5208237862
-263.5243992166
-263.5209602799
-263.5149574042
-263.5200143958
-263.5316683363
-263.5281778265
-263.5157648097
-263.5110551988
-263.5181603977
-263.5311924205
-263.5373396898
-263.5370349966
-263.5364921416
-263.5301187990
-263.5273888088
-263.5297574527
-263.5209612575
-263.5066225569
-263.4949717402
-263.4886979801
-263.4875436877
-263.4934078623
-263.5060609523
-263.5156878813
-263.5126892473
-263.5201724065
-263.5314374365
-263.5319320709
-263.5316295834
-263.5322422575
-263.5297350147
-263.5238637218
-263.5233386507
-263.5294537392
-263.5217191035
-263.5006686733
-263.4914602900
-263.4911253458
-263.4901646157
-263.4909227407
-263.4943749481
-263.4936198662
-263.4909453352
-263.5005248709
-263.5138850179
-263.5100054159
-263.4977662845
-263.5010035869
-263.5103335827
-263.5146602621
-263.5118172233
-263.5034981988
-263.4985444977
-263.4979781495
-263.5054980365
-263.5025460256
-263.4748050025
-263.4541559493
-263.4514590832
-263.4563740368
-263.4659349050
-263.4749480052
-263.4730305417
-263.4794616985
-263.5071544228
-263.5227120603
-263.5118846567
-263.4901018994
-263.4793515299
-263.4757105282
-263.4765176891
-263.4882589475
-263.5050392766
-263.5021413380
-263.4734392066
-263.4882116972
-263.5099802291
-263.5061993239
-263.4975348955
-263.4839779395
-263.4649335849
-263.4509115222
-263.4522568948
-263.4671981531
-263.4863025135
-263.4820130138
-263.4539000496
-263.4628319369
-263.4945690220
-263.5060123023
-263.4926949504
-263.4712246713
-263.4642558124
-263.4752021833
-263.5015330120
-263.5278466269
-263.5267327806
-263.4988704536
-263.5025995443
-263.5250960292
-263.5225924988
-263.4977772865
-263.4708277603
-263.4526128140
-263.4498589148
-263.4623284353
-263.4815983459
-263.4917393320
-263.4791750081
-263.4656291890
-263.4840882451
-263.5049442731
-263.5021138025
-263.4843462587
-263.4688767258
-263.4631466099
-263.4697596759
-263.4849332216
-263.4960745945
-263.4867395285
-263.4678853566
-263.4733610802
-263.4889449678
-263.4818579428
-263.4600914773
-263.4432604906
-263.4400061172
-263.4492666154
-263.4707186575
-263.4906947708
-263.4934456602
-263.4791182687
-263.4833079575
-263.5062060517
-263.5078824695
-263.4880241876
-263.4677003567
-263.4553024869
-263.4527174937
-263.4599054576
-263.4672763151
-263.4620275237
-263.4445324311
-263.4353762053
-263.4450871376
-263.4559683236
-263.4572868895
-263.4539934322
-263.4588074515
-263.4750507418
-263.4981572908
-263.5171639786
-263.5177743030
-263.5065747925
-263.5051728186
-263.4988860125
-263.4720228448
-263.4386392864
-263.4107686281
-263.3959680723
-263.3955312372
-263.4063619514
-263.4207032737
-263.4284394341
-263.4322212225
-263.4499367386
-263.4758054867
-263.4859470908
-263.4825620258
-263.4751511995
-263.4716578760
-263.4751719562
-263.4809551499
-263.4867392655
-263.4855224910
-263.4705612328
-263.4579813421
-263.4614194156
-263.4594039486
-263.4416544894
-263.4208417305
-263.4096170917
-263.4100728189
-263.4205723660
-263.4357781942
-263.4457725049
-263.4442955464
-263.4494311441
-263.4776991600
-263.5015033357
-263.5076410657
-263.5046476472
-263.4969050905
-263.4881637231
-263.4807262570
-263.4736256092
-263.4639809099
-263.4411373415
-263.4115637294
-263.4102784163
-263.4223561607
-263.4219947819
-263.4160108138
-263.4193127464
-263.4347993422
-263.4556291078
-263.4759364693
-263.4889815192
-263.4842618712
-263.4680338488
-263.4701586384
-263.4702025356
-263.4562957487
-263.4381554120
-263.4210991004
-263.4137478756
-263.4202526995
-263.4353256740
-263.4518212726
-263.4594386696
-263.4517102630
-263.4522636234
-263.4757328302
-263.4813141591
-263.4661133366
-263.4528990187
-263.4566050976
-263.4757000016
-263.4988298535
-263.5139199540
-263.5072072808
-263.4791262517
-263.4602463392
-263.4666726972
-263.4645037552
-263.4523253314
-263.4450065529
-263.4466440241
-263.4558143586
-263.4685984790
-263.4822101660
-263.4833751003
-263.4635824843
-263.4475837636
-263.4560905067
-263.4620493773
-263.4580339525
-263.4529257080
-263.4525114988
-263.4603848088
-263.4758711071
-263.4948607965
-263.5012383739
-263.4928420639
-263.4817166573
-263.4736818926
-263.4789383390
-263.4877883737
-263.4877439567
-263.4806771093
-263.4730024995
-263.4697181199
-263.4714623427
-263.4763580524
-263.4768816546
-263.4720578590
-263.4795425204
-263.4988384391
-263.5032245600
-263.4897569481
-263.4768496780
-263.4758514835
-263.4809493759
-263.4834006699
-263.4800355175
-263.4738708662
-263.4723459632
-263.4788277413
-263.4829234749
-263.4796298694
-263.4691344818
-263.4608587703
-263.4653879300
-263.4700997388
-263.4690003593
-263.4635294284
-263.4626525160
-263.4704019834
-263.4824417753
-263.4900951984
-263.4891538092
-263.4800808191
-263.4770589591
-263.4915738795
-263.4975923564
-263.4876796723
-263.4745897774
-263.4708657594
-263.4802886568
-263.4938163520
-263.5002371601
-263.4988933295
-263.4929601170
-263.4894350589
-263.4949574105
-263.4965873771
-263.4913045738
-263.4829028923
-263.4705476386
-263.4612895795
-263.4577669591
-263.4555826428
-263.4561983821
-263.4636172931
-263.4755663882
-263.4873064335
-263.4929820216
-263.4930164880
-263.4983873338
-263.5122338174
-263.5246874369
-263.5275106845
-263.5215779188
-263.5085502054
-263.4970695416
-263.4969711181
-263.5017327260
-263.5029376297
-263.5005896392
-263.4959981904
-263.5033871170
-263.5157671668
-263.5190538631
-263.5089317540
-263.4873292070
-263.4687712718
-263.4605926508
-263.4586514763
-263.4575325712
-263.4591890208
-263.4673654292
-263.4820453561
-263.4851580275
-263.4885931614
-263.4963455550
-263.4942148148
-263.4893635688
-263.4857442445
-263.4836340027
-263.4823994452
-263.4847198478
-263.4957865394
-263.5028944906
-263.4920618594
-263.4812108832
-263.4690726788
-263.4560558430
-263.4524870003
-263.4548228463
-263.4587354526
-263.4692646529
-263.4881661454
-263.5016636811
-263.4985047438
-263.4870415339
-263.4834864673
-263.4831808398
-263.4799690699
-263.4788287047
-263.4763042856
-263.4775467201
-263.4906209317
-263.5085436187
-263.5243761991
-263.5278224931
-263.5165313912
-263.5195400871
-263.5298220668
-263.5248040474
-263.5144421468
-263.5019424592
-263.4851141377
-263.4748790655
-263.4924748327
-263.5169073560
-263.5135296684
-263.4923293644
-263.5002485377
-263.5093793652
-263.5057831478
-263.5025102338
-263.5007223164
-263.4956204224
-263.4929772585
-263.5005301991
-263.5149179447
-263.5217159021
-263.5072149387
-263.4984237869
-263.5220550256
-263.5384008857
-263.5371760889
-263.5260240817
-263.5112870688
-263.5018925538
-263.5017035175
-263.5063291243
-263.5030417128
-263.4816544919
-263.4640977209
-263.4825196670
-263.5015882710
-263.5016828653
-263.4962112907
-263.4973768453
-263.5060039950
-263.5164081096
-263.5241699654
-263.5201703533
-263.5026260707
-263.5017288481
-263.5198189775
-263.5236539819
-263.5162248216
-263.5085811009
-263.5053282631
-263.5075226175
-263.5181482824
-263.5325916547
-263.5418687709
-263.5356128231
-263.5298556738
-263.5422200560
-263.5511704940
-263.5487535487
-263.5405760793
-263.5341726745
-263.5312705503
-263.5331731506
-263.5382171360
-263.5401576120
-263.5359007673
-263.5383305352
-263.5493018284
-263.5577807867
-263.5558269874
-263.5478922673
-263.5414681960
-263.5394339554
-263.5399872720
-263.5402554046
-263.5339230900
-263.5255229766
-263.5284078913
-263.5425905193
-263.5473193655
-263.5423017967
-263.5353824002
-263.5319598906
-263.5334550641
-263.5366291950
-263.5380787768
-263.5346032118
-263.5329491210
-263.5402140850
-263.5514977490
-263.5549193807
-263.5475984938
-263.5373196304
-263.5336567131
-263.5382655322
-263.5457905373
-263.5460073853
-263.5322166767
-263.5193256882
-263.5230919205
-263.5269169910
-263.5190837017
-263.5106719398
-263.5103879581
-263.5178321072
-263.5273246878
-263.5329768433
-263.5328287452
-263.5318575553
-263.5328043661
-263.5316187347
-263.5266967712
-263.5201745675
-263.5167167572
-263.5238001211
-263.5400546523
-263.5539581110
-263.5507078718
-263.5427858567
-263.5456971353
-263.5445628958
-263.5358421740
-263.5233300908
-263.5137303512
-263.5103400789
-263.5149063412
-263.5280063298
-263.5359878320
-263.5312029926
-263.5234476581
-263.5198928212
-263.5144836295
-263.5060176632
-263.4989666236
-263.4987834271
-263.5043583384
-263.5132797685
-263.5243978523
-263.5311863113
-263.5310016817
-263.5297875641
-263.5308544610
-263.5276681196
-263.5205062028
-263.5191209789
-263.5221034430
-263.5264116472
-263.5308375221
-263.5365132468
-263.5398232810
-263.5345625593
-263.5291872398
-263.5263927185
-263.5206384842
-263.5152731360
-263.5139443497
-263.5171925870
-263.5225655160
-263.5314587210
-263.5450571953
-263.5553411367
-263.5537353754
-263.5450237448
-263.5362120366
-263.5258004582
-263.5162968506
-263.5089950030
-263.5000899518
-263.4910617960
-263.4914866415
-263.5002274638
-263.5032049821
-263.5063643178
-263.5212957186
-263.5283952628
-263.5288848308
-263.5317282517
-263.5353690807
-263.5387897967
-263.5382038534
-263.5295655272
-263.5188096935
-263.5117581515
-263.5144787315
-263.5135855040
-263.5085051454
-263.5070063805
-263.5113505993
-263.5184688391
-263.5248285790
-263.5238894409
-263.5165644239
-263.5136070522
-263.5174269503
-263.5232536766
-263.5246918804
-263.5228911098
-263.5219574059
-263.5218605958
-263.5218021537
-263.5237240628
-263.5203706775
-263.5099864402
-263.5057182531
-263.5001987023
-263.4924329444
-263.4891816310
-263.4898619453
-263.4917872877
-263.4950515530
-263.5032210340
-263.5203611077
-263.5292278562
-263.5231214134
-263.5122313965
-263.5092579365
-263.5071850330
-263.5005158116
-263.4893483881
-263.4784759194
-263.4776115452
-263.4919433489
-263.5137999669
-263.5308614720
-263.5356079533
-263.5297431276
-263.5249528342
-263.5227868762
-263.5183182074
-263.5128526468
-263.5078140770
-263.5055916085
-263.5109107960
-263.5147711700
-263.5028322607
-263.4858902277
-263.4828197373
-263.4879399288
-263.4867173713
-263.4794747032
-263.4748722364
-263.4747607486
-263.4798950747
-263.4874961942
-263.4895174044
-263.4837741826
-263.4783426235
-263.4764911683
-263.4756474543
-263.4740934672
-263.4759913144
-263.4813787314
-263.4956248581
-263.5120184035
-263.5206269041
-263.5229743939
-263.5234528691
-263.5264969036
-263.5275366824
-263.5201858178
-263.5074849489
-263.5037060071
-263.5138556888
-263.5322421640
-263.5434429617
-263.5437116689
-263.5364014492
-263.5285470585
-263.5226036717
-263.5145367890
-263.4991767989
-263.4814656151
-263.4768026796
-263.4885137947
-263.5047121903
-263.5125537547
-263.5171222528
-263.5213682659
-263.5255660720
-263.5275939799
-263.5224406050
-263.5071815880
-263.4844724149
-263.4767342079
-263.4879719495
-263.4906384205
-263.4862647602
-263.4859888312
-263.4868355399
-263.4880948145
-263.4945362547
-263.5047050576
-263.5148069642
-263.5184554812
-263.5164365708
-263.5254882038
-263.5290353390
-263.5194250922
-263.5136131001
-263.5093400871
-263.5035504204
-263.5000230297
-263.4981759959
-263.4950712600
-263.4874910708
-263.4851883295
-263.4907498300
-263.4925637338
-263.4883670471
-263.4923193288
-263.5018309257
-263.5095729983
-263.5152220840
-263.5197101312
-263.5177268737
-263.5083189342
-263.5018721028
-263.5031959070
-263.5021908731
-263.4971483743
-263.4909599419
-263.4837921964
-263.4812404347
-263.4835022235
-263.4869405487
-263.4886675508
-263.4923562089
-263.5056216632
-263.5172325582
-263.5187202353
-263.5132830665
-263.5034733940
-263.4919047515
-263.4835599954
-263.4784598972
-263.4759942615
-263.4727397885
-263.4692979458
-263.4719451817
-263.4799172522
-263.4873107000
-263.4938023621
-263.4996773186
-263.5066915799
-263.5159424668
-263.5277890713
-263.5379017764
-263.5420114741
-263.5423337908
-263.5420485491
-263.5411184541
-263.5366838238
-263.5252746980
-263.5088959807
-263.4951037058
-263.4894406918
-263.4935289030
-263.5017210686
-263.5060649468
-263.5066759640
-263.5087322828
-263.5127511825
-263.5155828932
-263.5137157570
-263.5098629713
-263.5076070081
-263.5078135121
-263.5102296264
-263.5136874123
-263.5164020576
-263.5200272132
-263.5220633510
-263.5182625292
-263.5088396927
-263.5007949680
-263.4969504995
-263.4953606543
-263.4958895465
-263.4980341349
-263.5007119877
-263.5078403602
-263.5179435997
-263.5256493145
-263.5271787450
-263.5252294314
-263.5227372166
-263.5221743484
-263.5250479872
-263.5301410550
-263.5327914069
-263.5336247592
-263.5379928490
-263.5445440822
-263.5424196285
-263.5300118465
-263.5172880692
-263.5090761322
-263.5070664396
-263.5074642281
-263.5048190666
-263.4968353007
-263.4846387892
-263.4790913333
-263.4881552964
-263.4976714670
-263.4984639533
-263.4964257170
-263.4980721051
-263.5034126804
-263.5107323078
-263.5196440651
-263.5283978300
-263.5313330082
-263.5268238923
-263.5261092813
-263.5265315247
-263.5176038833
-263.5043084070
-263.4938351511
-263.4894996507
-263.4899103534
-263.4957113997
-263.5055516513
-263.5144647450
-263.5184330062
-263.5288206968
-263.5391243049
-263.5371689754
-263.5272810438
-263.5173297337
-263.5121798880
-263.5108917491
-263.5132517106
-263.5174097309
-263.5170756499
-263.5101007890
-263.5101592922
-263.5188074359
-263.5201689108
-263.5110993781
-263.5018422676
-263.4993865934
-263.5037784991
-263.5105273092
-263.5177040888
-263.5187469346
-263.5067741241
-263.4958052470
-263.4967904591
-263.4927206546
-263.4823158452
-263.4761026214
-263.4786501685
-263.4914276186
-263.5075019974
-263.5218473538
-263.5245523650
-263.5218186962
-263.5298447360
-263.5317718235
-263.5225929561
-263.5108448157
-263.5032592358
-263.5018992560
-263.5041146868
-263.5058868868
-263.5043889896
-263.5036588364
-263.5042141071
-263.5023453854
-263.5017713683
-263.4994848874
-263.4946768891
-263.4929118969
-263.4961016011
-263.4996965773
-263.5030854197
-263.5053205911
-263.5066914462
-263.5055691556
-263.5034401583
-263.5048690274
-263.5118233208
-263.5205611306
-263.5305151737
-263.5404232773
-263.5429393724
-263.5414390793
-263.5400371695
-263.5370738293
-263.5264559455
-263.5133802840
-263.5077806131
-263.5086793350
-263.5112239523
-263.5117079695
-263.5084384229
-263.5042286357
-263.5051891972
-263.5123594846
-263.5143768010
-263.5081947119
-263.4986695988
-263.4886789894
-263.4823899233
-263.4873043110
-263.4972978516
-263.5027588186
-263.5014080069
-263.5017545551
-263.5070455687
-263.5131249296
-263.5167308466
-263.5151767779
-263.5108934346
-263.5104086577
-263.5156982682
-263.5224405334
-263.5199622214
-263.5096213089
-263.4983168526
-263.4942879877
-263.5078596366
-263.5258353326
-263.5308583228
-263.5209395491
-263.5126045738
-263.5171932922
-263.5232914880
-263.5248787812
-263.5175483076
-263.5006233274
-263.4879717751
-263.4940494547
-263.5079892678
-263.5147661636
-263.5125334794
-263.5069338152
-263.5116673994
-263.5214053918
-263.5223373122
-263.5134266442
-263.4959389954
-263.4831041067
-263.4898450603
-263.5022939085
-263.5034138070
-263.4937011061
-263.4830018105
-263.4873330787
-263.4968934312
-263.4995617144
-263.4968957545
-263.4866416556
-263.4786968038
-263.4926462239
-263.5087527602
-263.5066166229
-263.4937447540
-263.4972415718
-263.5163572609
-263.5260376426
-263.5276342439
-263.5283336704
-263.5285615431
-263.5322172676
-263.5383763029
-263.5339014624
-263.5124687408
-263.4864378440
-263.4749226675
-263.4785011750
-263.4865068644
-263.4959378778
-263.5045209838
-263.5053593176
-263.5088328773
-263.5242032189
-263.5365686359
-263.5315869212
-263.5224678482
-263.5290959551
-263.5363644935
-263.5349928422
-263.5270665799
-263.5167988977
-263.5110434280
-263.5173184077
-263.5258823747
-263.5199397570
-263.4988198241
-263.4882142773
-263.4964553131
-263.5038556052
-263.5076795235
-263.5114447232
-263.5139780017
-263.5142016256
-263.5213596043
-263.5325045840
-263.5314724676
-263.5231283424
-263.5186841461
-263.5149738846
-263.5096826807
-263.5096734291
-263.5133729496
-263.5123940749
-263.5110550030
-263.5220979812
-263.5302086204
-263.5292125308
-263.5238188937
-263.5130810967
-263.5020164885
-263.4968391198
-263.4986844245
-263.5007843674
-263.4997254037
-263.4983299474
-263.4947838538
-263.4911298177
-263.4944781154
-263.4951149961
-263.4898103942
-263.4836683861
-263.4841277493
-263.5004443922
-263.5149937419
-263.5219474695
-263.5270973969
-263.5204055601
-263.5116960476
-263.5138263036
-263.5208564264
-263.5232454670
-263.5229184429
-263.5216234613
-263.5173658598
-263.5099442112
-263.5091696837
-263.5055301579
-263.4865306412
-263.4738709760
-263.4781736067
-263.4829797144
-263.4811906529
-263.4823829805
-263.4924343631
-263.5049551805
-263.5182902872
-263.5322684990
-263.5316411995
-263.5251890070
-263.5302589913
-263.5348777079
-263.5280711936
-263.5151836693
-263.5004486481
-263.4872806898
-263.4833258447
-263.4898891038
-263.4946415092
-263.4952714170
-263.5013454480
-263.5106700285
-263.5132933387
-263.5106469387
-263.5073050999
-263.5069177528
-263.5109889317
-263.5164517813
-263.5189352915
-263.5117796829
-263.5055670932
-263.5065787867
-263.5068298329
-263.5056843223
-263.5052508816
